b = 325:20:405